Model0 = Instance.new("Model")
Part1 = Instance.new("Part")
Part5 = Instance.new("Part")
SpecialMesh6 = Instance.new("SpecialMesh")
StringValue7 = Instance.new("StringValue")
Vector3Value8 = Instance.new("Vector3Value")
Weld9 = Instance.new("Weld")
CFrameValue10 = Instance.new("CFrameValue")
Part11 = Instance.new("Part")
SpecialMesh12 = Instance.new("SpecialMesh")
StringValue13 = Instance.new("StringValue")
Vector3Value14 = Instance.new("Vector3Value")
Weld15 = Instance.new("Weld")
CFrameValue16 = Instance.new("CFrameValue")
Part17 = Instance.new("Part")
SurfaceGui18 = Instance.new("SurfaceGui")
TextLabel19 = Instance.new("TextBox")
TextLabel19.TextEditable = false
Weld20 = Instance.new("Weld")
CFrameValue21 = Instance.new("CFrameValue")
Part22 = Instance.new("Part")
Weld23 = Instance.new("Weld")
CFrameValue24 = Instance.new("CFrameValue")
Part25 = Instance.new("Part")
Weld26 = Instance.new("Weld")
CFrameValue27 = Instance.new("CFrameValue")
Model0.Name = "Dowoor"
Part1.Name = "Handle"
Part1.Parent = Model0
Part1.CFrame = CFrame.new(-11.9590559, 4.2177372, -16.1512337, 0.998994708, 0.040532928, 0.0193505231, -0.0405208766, 0.999178231, -0.000996113988, -0.0193750579, 0.000211002509, 0.999812245)
Part1.Orientation = Vector3.new(0.0599999987, 1.11000001, -2.31999993)
Part1.Position = Vector3.new(-11.9590559, 4.2177372, -16.1512337)
Part1.Rotation = Vector3.new(0.0599999987, 1.11000001, -2.31999993)
Part1.Color = Color3.new(0.780392, 0.67451, 0.470588)
Part1.Size = Vector3.new(4.7124958, 8.22499752, 0.0500000007)
Part1.BottomSurface = Enum.SurfaceType.Smooth
Part1.BrickColor = BrickColor.new("Burlap")
Part1.Material = Enum.Material.Wood
Part1.TopSurface = Enum.SurfaceType.Smooth
Part1.brickColor = BrickColor.new("Burlap")
Part5.Name = "Tail"
Part5.Parent = Model0
Part5.CFrame = CFrame.new(-15.7042055, 1.15403342, -13.848299, -0.478448004, 0.040532928, 0.877184331, 0.0195940007, 0.999178231, -0.0354825146, -0.877898157, 0.000211002509, -0.478847265)
Part5.Orientation = Vector3.new(2.02999997, 118.629997, 1.12)
Part5.Position = Vector3.new(-15.7042055, 1.15403342, -13.848299)
Part5.Rotation = Vector3.new(175.759995, 61.2999992, -175.160004)
Part5.Size = Vector3.new(1.39999998, 1.79999995, 3)
Part5.BottomSurface = Enum.SurfaceType.Smooth
Part5.CanCollide = false
Part5.TopSurface = Enum.SurfaceType.Smooth
SpecialMesh6.Name = "SpecialMesh"
SpecialMesh6.Parent = Part5
SpecialMesh6.MeshId = "rbxassetid://4666737376"
SpecialMesh6.Scale = Vector3.new(2.5, 2.5, 2.5)
SpecialMesh6.TextureId = "rbxassetid://4666737404"
SpecialMesh6.MeshType = Enum.MeshType.FileMesh
StringValue7.Name = "AvatarPartScaleType"
StringValue7.Parent = Part5
StringValue7.Value = "Classic"
Vector3Value8.Name = "OriginalSize"
Vector3Value8.Parent = Part5
Vector3Value8.Value = Vector3.new(2, 2, 3)
Weld9.Name = "qCFrameWeldThingy"
Weld9.Parent = Part5
Weld9.C1 = CFrame.new(0.289927483, 3.21249986, 4.2792058, -0.461748064, 0, -0.887011111, 0, 1, 0, 0.887011111, 0, -0.461748064)
Weld9.Part0 = Part1
Weld9.Part1 = Part5
Weld9.part1 = Part5
CFrameValue10.Name = "qRelativeCFrameWeldValue"
CFrameValue10.Parent = Part5
CFrameValue10.Value = CFrame.new(0.289927483, 3.21249986, 4.2792058, -0.461748064, 0, -0.887011111, 0, 1, 0, 0.887011111, 0, -0.461748064)
Part11.Name = "Ear"
Part11.Parent = Model0
Part11.CFrame = CFrame.new(-11.5747385, 9.38088608, -16.1532784, 0.998994708, 0.040532928, 0.0193505231, -0.0405208766, 0.999178231, -0.000996113988, -0.0193750579, 0.000211002509, 0.999812245)
Part11.Orientation = Vector3.new(0.0599999987, 1.11000001, -2.31999993)
Part11.Position = Vector3.new(-11.5747385, 9.38088608, -16.1532784)
Part11.Rotation = Vector3.new(0.0599999987, 1.11000001, -2.31999993)
Part11.Size = Vector3.new(2, 2, 1)
Part11.BottomSurface = Enum.SurfaceType.Smooth
Part11.CanCollide = false
Part11.TopSurface = Enum.SurfaceType.Smooth
SpecialMesh12.Name = "SpecialMesh"
SpecialMesh12.Parent = Part11
SpecialMesh12.MeshId = "rbxassetid://4545282719"
SpecialMesh12.Scale = Vector3.new(2, 2, 2)
SpecialMesh12.TextureId = "http://www.roblox.com/asset/?id=4545189104"
SpecialMesh12.MeshType = Enum.MeshType.FileMesh
StringValue13.Name = "AvatarPartScaleType"
StringValue13.Parent = Part11
StringValue13.Value = "Classic"
Vector3Value14.Name = "OriginalSize"
Vector3Value14.Parent = Part11
Vector3Value14.Value = Vector3.new(2, 2, 1)
Weld15.Name = "qCFrameWeldThingy"
Weld15.Parent = Part11
Weld15.C1 = CFrame.new(-0.174751043, -5.17448282, -0.000249862671, 1, 0, 0, 0, 1, 0, 0, 0, 1)
Weld15.Part0 = Part1
Weld15.Part1 = Part11
Weld15.part1 = Part11
CFrameValue16.Name = "qRelativeCFrameWeldValue"
CFrameValue16.Parent = Part11
CFrameValue16.Value = CFrame.new(-0.174751043, -5.17448282, -0.000249862671, 1, 0, 0, 0, 1, 0, 0, 0, 1)
Part17.Parent = Model0
Part17.CFrame = CFrame.new(-11.8650808, 6.54033756, -16.1504879, 0.998994708, 0.040532928, 0.0193505231, -0.0405208766, 0.999178231, -0.000996113988, -0.0193750579, 0.000211002509, 0.999812245)
Part17.Orientation = Vector3.new(0.0599999987, 1.11000001, -2.31999993)
Part17.Position = Vector3.new(-11.8650808, 6.54033756, -16.1504879)
Part17.Rotation = Vector3.new(0.0599999987, 1.11000001, -2.31999993)
Part17.Transparency = 1
Part17.Size = Vector3.new(1.93750024, 1, 0.0500000007)
Part17.BottomSurface = Enum.SurfaceType.Smooth
Part17.TopSurface = Enum.SurfaceType.Smooth
SurfaceGui18.Parent = Part17
SurfaceGui18.LightInfluence = 1
SurfaceGui18.ClipsDescendants = true
SurfaceGui18.ZIndexBehavior = Enum.ZIndexBehavior.Sibling
SurfaceGui18.SizingMode = "PixelsPerStud"
SurfaceGui18.PixelsPerStud = 50
TextLabel19.Parent = SurfaceGui18
TextLabel19.Size = UDim2.new(1, 0, 1, 0)
TextLabel19.BackgroundColor = BrickColor.new("Institutional white")
TextLabel19.BackgroundColor3 = Color3.new(1, 1, 1)
TextLabel19.BackgroundTransparency = 1
TextLabel19.BorderSizePixel = 0
TextLabel19.Font = Enum.Font.SourceSans
TextLabel19.FontSize = Enum.FontSize.Size60
TextLabel19.Text = "OwO"
TextLabel19.TextColor = BrickColor.new("Dirt brown")
TextLabel19.TextColor3 = Color3.new(0.258824, 0.258824, 0.258824)
TextLabel19.TextSize = 50
Weld20.Name = "qCFrameWeldThingy"
Weld20.Parent = Part17
Weld20.C1 = CFrame.new(0.000248908997, -2.32450104, -0.000249862671, 1, 0, 0, 0, 1, 0, 0, 0, 1)
Weld20.Part0 = Part1
Weld20.Part1 = Part17
Weld20.part1 = Part17
CFrameValue21.Name = "qRelativeCFrameWeldValue"
CFrameValue21.Parent = Part17
CFrameValue21.Value = CFrame.new(0.000248908997, -2.32450104, -0.000249862671, 1, 0, 0, 0, 1, 0, 0, 0, 1)
Part22.Parent = Model0
Part22.CFrame = CFrame.new(-10.4721308, 4.1574831, -16.4551239, 0.998994708, 0.040532928, 0.0193505231, -0.0405208766, 0.999178231, -0.000996113988, -0.0193750579, 0.000211002509, 0.999812245)
Part22.Orientation = Vector3.new(0.0599999987, 1.11000001, -2.31999993)
Part22.Position = Vector3.new(-10.4721308, 4.1574831, -16.4551239)
Part22.Rotation = Vector3.new(0.0599999987, 1.11000001, -2.31999993)
Part22.Color = Color3.new(0.792157, 0.796078, 0.819608)
Part22.Size = Vector3.new(0.67499584, 0.199996829, 0.200000107)
Part22.BottomSurface = Enum.SurfaceType.Smooth
Part22.BrickColor = BrickColor.new("Ghost grey")
Part22.Material = Enum.Material.Metal
Part22.TopSurface = Enum.SurfaceType.Smooth
Part22.brickColor = BrickColor.new("Ghost grey")
Weld23.Name = "qCFrameWeldThingy"
Weld23.Parent = Part22
Weld23.C1 = CFrame.new(-1.49374795, 0, 0.274999619, 1, 0, 0, 0, 1, 0, 0, 0, 1)
Weld23.Part0 = Part1
Weld23.Part1 = Part22
Weld23.part1 = Part22
CFrameValue24.Name = "qRelativeCFrameWeldValue"
CFrameValue24.Parent = Part22
CFrameValue24.Value = CFrame.new(-1.49374795, 0, 0.274999619, 1, 0, 0, 0, 1, 0, 0, 0, 1)
Part25.Parent = Model0
Part25.CFrame = CFrame.new(-10.2295475, 4.14758539, -16.1847763, 0.998994708, 0.040532928, 0.0193505231, -0.0405208766, 0.999178231, -0.000996113988, -0.0193750579, 0.000211002509, 0.999812245)
Part25.Orientation = Vector3.new(0.0599999987, 1.11000001, -2.31999993)
Part25.Position = Vector3.new(-10.2295475, 4.14758539, -16.1847763)
Part25.Rotation = Vector3.new(0.0599999987, 1.11000001, -2.31999993)
Part25.Color = Color3.new(0.792157, 0.796078, 0.819608)
Part25.Size = Vector3.new(0.199996158, 0.199996829, 0.350000054)
Part25.BottomSurface = Enum.SurfaceType.Smooth
Part25.BrickColor = BrickColor.new("Ghost grey")
Part25.Material = Enum.Material.Metal
Part25.TopSurface = Enum.SurfaceType.Smooth
Part25.brickColor = BrickColor.new("Ghost grey")
Weld26.Name = "qCFrameWeldThingy"
Weld26.Parent = Part25
Weld26.C1 = CFrame.new(-1.73124909, 0, 0, 1, 0, 0, 0, 1, 0, 0, 0, 1)
Weld26.Part0 = Part1
Weld26.Part1 = Part25
Weld26.part1 = Part25
CFrameValue27.Name = "qRelativeCFrameWeldValue"
CFrameValue27.Parent = Part25
CFrameValue27.Value = CFrame.new(-1.73124909, 0, 0, 1, 0, 0, 0, 1, 0, 0, 0, 1)
TextLabel19.Size = UDim2.new(1, 0, 1, 0)
TextLabel19.BackgroundColor = BrickColor.new("Institutional white")
TextLabel19.BackgroundColor3 = Color3.new(1, 1, 1)
TextLabel19.BackgroundTransparency = 1
TextLabel19.BorderSizePixel = 0
TextLabel19.Font = Enum.Font.SourceSans
TextLabel19.FontSize = Enum.FontSize.Size60
TextLabel19.Text = "OwO"
TextLabel19.TextColor = BrickColor.new("Dirt brown")
TextLabel19.TextColor3 = Color3.new(0.258824, 0.258824, 0.258824)
TextLabel19.TextSize = 50
for _,p in pairs(owner.Character:GetDescendants()) do
if p:IsA("BasePart") or p:IsA("Part") or p:IsA("UnionOperation") or p:IsA("MeshPart") or p:IsA("TriangleMeshPart") or p:IsA("TrussPart") then
p.Transparency = 1
end
if p:IsA("Decal") or p:IsA("Texture") or p:IsA("CharacterMesh") or p:IsA("ShirtGraphic") or p:IsA("Shirt") or p:IsA("Pants") or p:IsA("BodyColors") then
p:Destroy()
end
end
Model0.Parent = owner.Character
local w = Instance.new("Weld",Model0)
w.Part0 = Part1
w.Part1 = owner.Character:WaitForChild("HumanoidRootPart")
w.C0 = CFrame.new(0,-1.1,0)
